1000126
1000990
1010895
1012895
1014673
1020138
103403
103568
1042675
1042688
1043399
1043400
1043658
1043704
1044547
1046770
1046781
1048903
1051006
1086243
1086997
1087459
1090443
1090463
1098362
1098640
1099074
1099648
1100066
1100650
1100924
1111339
1111663
1112864
1115005
1115329
1116572
1117522
1148399
1150836
1188426
1189915
1190110
1241471
1243585
1244675
1246319
1293193
1297288
1297390
1298448
1299889
1301246
1305263
1310503
1363493
1366789
1367410
1367426
1367436
1369775
1372891
1373045
1373219
1375917
1375932
142004
142034
142046
1421893
1421985
1430458
1431703
1435624
1437702
1442087
1483744
1485599
1487361
1490065
150985
1534809
1535485
1536474
1536815
1543177
1544556
1547771
1594589
1597298
1606046
1659960
1724784
1725059
1731077
1734377
1734683
1737778
1740865
1790650
1790651
1797863
1797865
1799212
1801279
1869684
1869797
1919076
1919088
1923432
1926513
197405
197989
198152
198175
198181
198200
198228
198332
198380
198440
1987647
199106
199134
199158
199388
1995300
199703
200009
2002008
2002800
203088
204119
204491
204508
204509
204536
2046528
204691
2049725
205337
212787
2173731
2173733
2198370
226552
2280709
2360899
2360903
2370903
2374554
237508
238090
238212
2387532
239178
2393604
240651
242446
244967
247463
248420
249465
251020
253017
2531299
2540675
259195
259249
2602839
2606079
2626726
2673797
2680300
2685209
2685210
2691689
282805
283083
283438
283669
307668
307686
307731
308297
308693
308696
308853
308915
309367
309509
310015
310169
310325
310351
310414
310571
311093
311237
311487
311877
312301
312736
312935
313002
313029
313123
313222
313324
313477
313979
317094
318272
348719
349462
359969
392038
416783
416784
420222
427163
477589
486131
486419
545626
562600
577208
577215
577307
579907
583214
597747
598050
630977
636631
668956
701201
701984
702008
706820
745302
749548
756059
799835
801054
801177
806392
808917
829500
830196
835913
836395
846127
849574
851948
853146
854868
856443
857564
859824
860654
861132
861635
863669
864706
866021
866084
866910
867502
876193
876980
881341
884522
885857
891775
895664
896854
903843
966920
977860
977880
978573
979092
991086
991486
991528
992150
992432
993781
996202
996520
997010
998428
999961
drug_id
