1000990
1010895
1012895
1014673
1020138
103403
103568
1042675
1042688
1043399
1043658
1043704
1046781
1086243
1086997
1087459
1090463
1098362
1098640
1099074
1099648
1100066
1100650
1111339
1111663
1112864
1115005
1115329
1116572
1117522
1148399
1150836
1188426
1189915
1190110
1241471
1243585
1244675
1246319
1297288
1297390
1298448
1299889
1301246
1305263
1310503
1367410
1367436
1369775
1373219
1375917
142004
142034
142046
1421985
1431703
1435624
1437702
1442087
1483744
1485599
1487361
1490065
150985
1535485
1536815
1543177
1544556
1594589
1597298
1606046
1724784
1725059
1731077
1734377
1734683
1737778
1740865
1790651
1797863
1797865
1799212
1801279
1869684
1919076
1919088
1923432
1926513
197989
198175
198181
198200
198332
198380
199106
199158
199388
1995300
199703
2002008
203088
204119
204508
204509
2046528
204691
2049725
205337
212787
2173731
2173733
2198370
226552
2280709
2370903
2374554
237508
2387532
239178
240651
242446
244967
248420
253017
2531299
2540675
2606079
2626726
2680300
2685209
2691689
282805
283083
283669
307668
307686
307731
308297
308696
308853
308915
309367
309509
310015
310169
310325
310414
310571
311093
311487
312301
312736
313029
313123
313222
313324
313979
317094
318272
348719
359969
416784
420222
427163
477589
486131
486419
545626
577208
577215
579907
583214
597747
630977
636631
668956
701201
702008
706820
745302
749548
756059
801054
801177
808917
829500
830196
835913
836395
849574
851948
853146
854868
856443
857564
860654
861132
861635
863669
864706
866021
866084
866910
867502
876193
881341
884522
885857
895664
896854
903843
966920
977860
977880
978573
979092
991086
991528
992150
992432
993781
996202
996520
997010
drug_id
